1
94.0
2
8836.0
3
830584.0
4
7.8074896E7
5
7.339040224E9
6
6.89869781056E11
7
6.4847759419264E13
8
6.095689385410816E15
9
5.729948022286167E17
10
5.386151140948997E19
11
5.062982072492058E21
12
4.7592031481425336E23
13
4.4736509592539815E25
14
4.205231901698743E27
15
3.952917987596818E29
16
3.715742908341009E31
17
3.492798333840549E33
18
3.283230433810116E35
19
3.086236607781509E37
20
2.9010624113146183E39
21
2.726998666635741E41
22
2.5633787466375966E43
23
2.409576021839341E45
24
2.2650014605289806E47
25
2.1291013728972416E49
26
2.001355290523407E51
